001C 3 4 9.462207 69.15953 0 1 0 1 0.05338919 654.4018
002C 3 3 34.07051 53.65203 0 1 0 1 0.3778312 1827.952
004C 1 2 51.58217 286.1332 0 1 0 0 91.53371 14759.37
005C 2 3 54.99908 154.6479 1 1 0 0 111.608 8505.494
007C 2 1 60.65012 48.36239 0 1 0 0 106.8112 2933.185
008C 3 2 61.34007 16.78885 0 1 0 0 105.7599 1029.829
009C 1 3 62.88425 42.97419 0 1 0 0 103.8214 2702.4
010C 1 2 65.80833 86.50691 0 1 0 0 57.98887 5692.876
011C 3 3 66.82683 77.24183 0 1 0 0 100.2403 5161.827
012C 3 3 67.48393 9.265077 0 1 0 1 0.01642744 625.2438
013C 3 3 69.58664 4.632539 0 1 0 0 97.8747 322.3628
014C 4 . 70.30945 0.9199368 1 1 0 1 0.001368954 64.68025
015C 2 1 73.9892 19.58151 0 1 1 1 0.3285488 1448.82
016C 2 3 75.56623 18.10304 0 1 0 1 0.008213721 1367.979
017C 2 3 75.59909 10.90782 1 1 1 1 0.06570977 824.6214
018C 2 3 76.0262 23.32697 0 1 0 1 0.09856465 1773.461
019C 2 4 83.15571 23.03127 0 1 0 0 83.91137 1915.182
020C 2 3 85.94838 15.67178 0 1 0 1 0.07118558 1346.964
021C 4 2 90.41664 2.529826 1 1 1 1 0.03285488 228.7384
022C 1 2 90.77804 19.54866 0 1 0 1 0.4928233 1774.589
023C 4 4 96.03483 4.862523 1 1 0 1 0.2299842 466.9715
024C 4 4 96.52765 4.993942 0 1 0 0 55.98472 482.0535
025C 3 4 102.6058 1.182776 1 1 0 0 75.23768 121.3597
026C 1 3 102.6387 21.94706 1 1 0 0 44.35409 2252.617
027C 2 4 102.7044 83.81281 0 1 0 0 64.36272 8607.942
029C 4 3 105.6942 3.679747 0 1 0 1 0.03285488 388.9278
030C 2 3 107.3369 4.928233 1 1 0 0 65.97261 528.9812
031C 2 3 109.1768 14.81755 0 1 0 0 57.89031 1617.733
032C 3 4 109.3411 4.074006 0 1 0 0 57.33177 445.4561
033C 4 3 109.3739 6.209573 0 1 0 1 2.792665 679.1653
034C 3 3 110.7867 20.89571 0 1 1 1 0.3285488 2314.966
035C 2 3 111.8052 16.49315 0 1 0 0 55.65617 1844.02
036C 3 5 112.1337 1.215631 0 1 0 1 0.06570977 136.3132
037C 2 1 112.5608 83.05715 1 1 0 1 0.1149921 9348.982
038C 3 2 113.2836 11.30208 0 1 0 0 36.56749 1280.341
039C 2 3 113.875 17.1831 0 1 0 0 52.60067 1956.726
040C 3 3 114.795 9.396497 0 1 0 1 2.989794 1078.671
041C 1 0 115.0907 80.59303 0 1 0 0 51.61502 9275.505
042C 3 0 115.7806 5.059652 0 1 1 0 51.31933 585.8096
043C 1 4 116.2406 23.06413 0 1 0 0 50.4651 2680.988
044C 3 5 131.1896 2.037003 0 1 0 0 38.76876 267.2335
045C 3 4 131.4195 253.0812 0 1 0 0 35.64755 33259.81
046C 3 0 131.5838 2.266987 0 1 0 0 35.12187 298.2988
047C 3 2 133.3251 169.9583 1 1 0 0 33.34771 22659.71
048C 1 0 133.4894 297.1396 0 1 0 0 44.55122 39664.98
049C 4 0 133.4894 14.1276 1 1 0 1 0.01642744 1885.885
051C 3 1 139.8961 5.322491 1 1 0 0 29.96365 744.5957
052C 3 3 142.5245 2.792665 0 1 0 0 20.92856 398.0232
053C 1 0 142.6888 33.01916 0 1 0 0 24.01692 4711.463
054C 2 1 143.3459 12.97768 0 1 0 0 28.81373 1860.297
055C 3 4 144.5286 9.987885 0 1 0 1 0.08213721 1443.535
056C 2 3 145.2843 6.209573 0 1 0 1 0.06570977 902.1535
057C 1 3 145.7114 74.12062 0 1 0 0 21.35567 10800.22
058C 2 3 146.3685 7.359494 0 1 0 0 20.33717 1077.198
059C 2 2 146.7956 17.97162 0 1 1 0 20.27146 2638.155
060C 3 3 146.8942 237.4751 0 1 0 0 20.1729 34883.71
061C 2 3 147.8141 15.60607 1 1 0 0 19.25296 2306.798
062C 2 3 148.6355 18.99012 0 1 0 0 18.43159 2822.606
063C 2 4 149.9825 114.5978 1 1 0 0 16.72314 17187.68
064C 2 4 151.1325 6.111008 0 1 0 0 15.57322 923.5718
065C 2 4 151.1982 86.40835 0 1 0 0 15.50751 13064.78
066C 2 3 153.2023 50.59652 0 1 0 0 12.28773 7751.505
067C 3 3 153.2352 4.796813 0 1 0 0 22.5056 735.0405
068C 1 3 153.4323 27.26955 0 1 0 0 13.27337 4184.031
069C 3 4 153.5637 4.23828 0 1 0 1 1.28134 650.8461
070C 2 2 153.7609 53.58632 0 1 0 0 24.08263 8239.478
071C 4 4 153.8923 356.804 1 1 0 1 0.001368954 54909.39
072C 4 3 153.958 9.035093 0 1 0 1 0.2792665 1391.025
073C 2 0 154.4508 5.388201 1 1 0 1 0.01642744 832.212
074C 2 3 154.6151 19.28582 1 1 0 1 0.2299842 2981.878
075C 3 3 155.9621 7.490914 0 1 0 0 10.7764 1168.299
078C 1 1 153.4652 20.5343 0 0 0 0 20.99427 3151.3
079C 3 4 156.1921 1.34705 0 1 0 1 0.1314195 210.3986
080C 2 2 156.0936 14.58757 0 1 0 1 0.4271135 2277.025
082C 3 2 158.5905 17.38023 0 1 0 0 8.115156 2756.34
083C 3 2 158.5248 8.936528 1 1 0 0 19.31867 1416.662
090C 4 0 117.4562 1.577034 0 1 1 1 0.002737907 185.2325
091C 4 4 117.8505 25.82394 0 1 0 1 0.05475814 3043.363
092C 4 2 117.9162 3.318343 1 1 0 0 41.52857 391.2864
093C 2 3 118.2776 25.33112 1 1 0 0 48.4281 2996.103
094C 1 1 119.1647 19.35153 0 1 0 1 11.99203 2306.018
095C 3 3 120.0846 10.31643 0 1 0 1 0.4928233 1238.845
096C 3 3 120.6431 17.87306 0 1 0 1 2.201277 2156.262
097C 3 2 121.8259 65.38122 0 1 0 0 45.24118 7965.127
098C 3 4 123.173 12.05774 0 1 0 0 34.89189 1485.188
099C 2 0 123.3701 18.4973 0 1 0 0 20.07433 2282.014
100C 3 3 125.6699 121.1688 1 1 0 1 0.1149921 15227.28
101C 2 1 125.9656 206.8215 0 1 0 0 52.10785 26052.4
102C 2 2 126.1299 53.58632 1 1 0 0 40.57578 6758.837
103C 3 . 127.1155 15.24467 0 1 0 0 39.59014 1937.834
104C 2 2 127.8055 16.00033 1 1 0 1 0.001368954 2044.93
105C 2 3 128.594 27.53239 0 1 0 0 50.62938 3540.501
106C 2 3 128.824 13.01053 1 1 0 1 0.01642744 1676.069
107C 3 1 128.9226 13.01053 1 1 0 0 34.69476 1677.351
108C 1 2 129.1197 63.27851 0 1 0 0 37.58599 8170.501
109C 2 4 129.3825 11.4335 0 1 0 0 42.31709 1479.295
111C 2 3 130.6967 12.38629 0 1 0 0 36.00895 1618.848
112C 2 3 162.9602 16.59172 0 1 0 0 5.322491 2703.79
113C 3 2 163.453 3.942586 0 1 0 0 6.636687 644.4277
114C 2 2 164.3073 19.68008 0 1 0 0 13.17481 3233.58
115C 1 3 164.9972 36.89603 0 1 0 1 3.844021 6087.743
116C 2 2 165.4572 11.49921 1 1 0 0 12.38629 1902.627
119C 2 3 165.6872 9.429352 0 1 0 0 12.18916 1562.323
120C 3 3 166.1471 5.421056 1 1 0 0 11.69634 900.693
121C 2 2 166.8042 9.067948 0 1 1 0 6.735251 1512.572
122C 3 4 168.217 226.6001 0 1 0 1 0.09856465 38118
123C 2 0 168.6441 11.63063 1 1 0 1 0.001368954 1961.437
124C 4 2 169.2027 14.489 0 1 0 1 0.008213721 2451.578
125C 2 2 169.794 13.43765 0 1 0 1 0.5913879 2281.632
126C 4 2 170.3197 2.595536 0 1 0 0 8.706544 442.0709
127C 2 1 170.3197 6.176718 1 1 0 1 0.2628391 1052.017
128C 3 2 171.1411 9.199368 0 1 0 0 6.702396 1574.39
129C 4 1 171.4368 6.143863 0 1 0 0 7.523768 1053.284
130C 3 1 171.5025 28.12378 0 1 0 0 7.458059 4823.299
131C 4 2 171.6339 4.993942 0 1 0 0 5.749605 857.1299
132C 2 2 173.4738 21.05998 0 1 0 0 4.993942 3653.355
133C 2 3 174.1309 33.44627 1 1 0 0 4.829668 5824.029
134C 1 1 175.2808 103.3615 0 1 0 0 3.679747 18117.28
135C 4 2 175.2808 1.872728 1 1 0 0 2.89123 328.2533
136C 2 2 175.3465 13.33908 1 1 0 0 3.679747 2338.962
137C 3 0 176.2336 10.28358 0 1 0 0 1.938438 1812.312
138C 3 3 176.5621 5.486766 0 1 0 0 2.431261 968.7551
139C 2 3 178.9934 14.1276 1 1 0 0 0.3942586 2528.747
140C 2 4 179.092 25.65966 0 1 0 0 0.2628391 4595.44
141C 3 2 179.9462 6.965235 1 1 0 0 0.1971293 1253.368
200C 3 3 134.4422 25.10113 1 1 0 1 0.001368954 3374.651
201C 2 3 143.083 189.4741 1 1 0 0 27.2367 27110.53
202C 4 4 148.4055 177.8106 1 1 0 0 29.40512 26388.08
203C 4 1 151.8881 17.1831 1 1 0 1 0.08213721 2609.91
204C 2 4 158.9519 150.2782 1 1 0 0 18.8587 23887.02
205C 2 3 159.0176 68.40387 1 1 0 1 1.084211 10877.42
206C 3 2 163.5516 85.75125 1 1 0 0 14.32473 14024.75
207C 3 2 164.0773 26.38247 1 1 0 1 0.4599684 4328.765
208C 3 4 166.3771 6.209573 1 1 1 0 7.786608 1033.131
209C 2 4 97.77614 117.1934 1 1 0 0 67.5825 11458.71
210C 2 2 46.16111 100.7331 1 1 0 0 122.713 4649.951
211C 2 0 116.9305 94.19495 1 1 0 1 0.001368954 11014.27
212C 2 . 106.8112 56.90466 1 1 0 1 0.01642744 6078.057
213C 3 3 94.45779 83.71424 1 1 0 0 84.63418 7907.463
214C 2 3 127.4441 82.36719 1 1 0 0 38.86733 10497.21
215C 2 3 125.8342 50.92507 1 1 0 1 0.002737907 6408.116
216C 3 3 126.557 34.20193 1 1 0 1 0.04928233 4328.495
217C 4 3 167.2971 28.48518 1 1 0 1 6.406702 4765.488
218C 1 . 169.1041 134.3436 1 1 0 0 9.856465 22718.06
220C 1 3 171.831 54.8348 1 1 0 0 6.965235 9422.321
221C 3 . 172.521 39.22873 1 1 0 0 6.439557 6767.78
222C 1 0 173.2109 11.7949 0 1 0 0 5.58533 2043.006
223C 3 0 176.2336 47.37674 1 1 0 0 2.726955 8349.374
224C 3 3 176.2336 114.4664 1 1 0 0 2.726955 20172.83
001P 2 0 2.661246 27.82809 1 0 0 1 127.9698 74.05737
002P 3 4 3.055504 135.7235 0 0 0 1 170.5826 414.7038
003P 1 3 14.58757 74.15347 0 0 0 0 155.6664 1081.719
004P 2 1 18.53015 205.343 0 0 0 0 148.6684 3805.038
005P 2 2 19.25296 57.1675 0 0 0 0 147.9455 1100.644
006P 2 2 20.33717 87.72254 0 0 0 0 130.9267 1784.029
007P 1 0 24.93686 259.1265 0 0 0 0 142.3931 6461.8
008P 4 1 26.54675 515.4603 0 0 0 0 140.6518 13683.79
009P 1 2 29.10943 117.5219 0 0 0 0 138.1876 3420.996
010P 1 1 29.24085 142.9845 0 0 0 0 137.9577 4180.987
011P 2 2 29.5694 258.0094 1 0 0 0 137.6291 7629.182
012P 2 1 29.96365 130.5982 0 0 0 0 137.2677 3913.198
013P 2 2 31.34356 255.2824 0 0 0 1 64.85554 8001.461
014P 1 1 31.77067 69.9809 0 0 0 0 118.5733 2223.34
015P 3 4 34.56334 415.6143 0 0 0 1 54.86766 14365.02
016P 2 3 35.22044 213.5239 0 0 0 0 132.0109 7520.405
017P 2 0 37.58599 790.9813 0 0 0 0 129.6454 29729.81
018P 3 2 40.08296 39.09731 0 0 0 1 0.03285488 1567.136
019P 3 2 42.64564 613.0393 0 0 0 0 124.6186 26143.45
020P 1 1 42.48137 152.0524 0 0 0 0 124.75 6459.394
021P 2 2 43.07275 234.091 0 0 0 0 124.1586 10082.95
022P 1 2 43.59843 94.88491 0 0 0 0 123.6986 4136.833
023P 2 2 45.60258 237.1794 0 0 0 0 119.1975 10815.99
024P 2 0 47.67244 25.1997 0 0 0 0 119.5589 1201.331
025P 1 1 48.7895 96.98762 0 0 0 0 118.7047 4731.978
026P 2 1 51.35218 696.0636 0 0 0 0 115.9449 35744.38
027P 2 1 54.21056 188.9156 0 0 0 0 77.24183 10241.22
028P 3 4 55.22906 46.85106 0 0 0 0 112.0023 2587.54
029P 3 3 57.75889 164.0116 0 0 1 1 78.42461 9473.126
030P 1 3 59.17165 25.13399 0 0 0 0 108.2897 1487.219
031P 3 3 63.04852 4.993942 0 0 0 1 0.1149921 314.8607
032P 2 2 64.26415 98.26896 1 0 0 0 102.8686 6315.171
033P 2 2 65.34836 536.7502 0 0 0 0 101.7844 35075.75
034P 3 5 94.39208 109.1768 0 0 0 1 0.01642744 10305.42
035P 3 3 67.22109 393.6344 0 0 0 0 99.87885 26460.53
036P 1 3 67.31966 26.44818 0 0 0 0 63.80418 1780.483
037P 2 3 68.46958 93.96497 0 0 0 0 98.63036 6433.742
039P 2 0 72.37931 505.111 0 0 0 0 94.72063 36559.58
040P 1 5 74.84343 208.3328 0 0 0 0 92.42079 15592.34
041P 2 3 75.99335 48.82236 0 0 0 0 91.23801 3710.174
042P 1 2 77.30754 166.41 0 1 0 0 45.93113 12864.75
043P 2 3 77.53753 124.1915 0 0 0 0 89.59527 9629.499
044P 1 0 77.80037 245.2946 0 0 0 0 89.39814 19084.01
045P 1 4 77.89893 180.3076 0 0 0 0 89.20101 14045.77
046P 1 2 78.09606 270.1329 0 0 0 0 89.00388 21096.31
047P 1 1 78.12891 161.7117 0 0 0 0 89.10245 12634.36
048P 2 2 78.32604 181.0961 0 0 0 0 88.80675 14184.54
049P 1 1 78.49032 96.8562 0 0 0 0 88.80675 7602.274
050P 1 2 78.52317 205.4416 0 0 0 0 88.80675 16131.93
051P 1 1 78.75316 116.5691 0 0 0 0 88.37964 9180.187
052P 2 1 78.75316 360.1224 0 0 0 0 88.57677 28360.77
053P 1 2 88.14965 56.34613 0 0 0 0 75.30339 4966.892
054P 1 2 89.36528 178.5663 0 0 0 0 77.83322 15957.63
055P 1 3 89.39814 61.11008 0 0 0 0 77.73466 5463.128
056P 2 0 89.59527 391.4659 0 0 0 0 77.53753 35073.5
057P 1 1 89.7924 103.4929 0 0 0 0 0.295694 9292.874
058P 1 3 90.18666 203.7331 0 0 0 0 76.94614 18374.01
060P 2 4 91.20516 68.46958 0 1 0 0 24.60831 6244.779
062P 2 2 94.85205 269.8043 0 0 0 0 72.28074 25591.49
063P 3 3 95.47629 210.0741 0 0 0 0 61.70147 20057.1
064P 1 0 95.70628 324.5734 0 0 0 0 71.42652 31063.71
065P 1 3 97.64472 40.74006 0 0 0 0 52.76494 3978.051
066P 2 2 97.54615 206.263 1 0 0 0 58.71168 20120.16
067P 2 2 97.54615 89.23387 0 0 0 0 80.49447 8704.42
068P 2 3 98.03897 378.3897 0 0 0 0 69.29095 37096.94
070P 2 4 98.92606 139.4361 0 0 1 0 25.49539 13793.87
071P 3 4 99.64886 672.6709 0 0 0 0 67.74677 67030.89
072P 3 2 100.1088 782.1105 0 0 0 0 69.58664 78296.17
073P 2 1 100.8316 101.2259 0 0 0 0 50.66223 10206.77
074P 1 1 101.7844 140.7832 0 0 0 0 65.44693 14329.54
075P 2 2 101.9159 80.16592 0 0 0 0 64.55985 8170.178
076P 2 3 101.9816 168.907 0 0 0 0 65.18409 17225.4
077P 2 2 102.1787 104.61 0 0 0 0 64.98696 10688.91
078P 3 4 102.5072 20.43574 0 0 0 0 65.08553 2094.811
080P 3 1 104.5114 603.15 0 0 0 0 62.68712 63036.04
081P 2 0 104.8071 293.7884 0 0 0 0 62.1943 30791.1
082P 2 2 104.9385 65.74262 0 0 0 0 62.06288 6898.932
083P 2 2 105.267 188.5213 0 0 0 0 56.57611 19845.08
084P 2 1 106.1541 70.60515 0 0 0 0 60.8801 7495.028
085P 2 2 106.7455 703.3245 0 0 0 0 71.55794 75076.74
087P 1 4 108.224 88.4782 0 0 0 0 58.87595 9575.464
088P 3 1 108.454 356.9683 0 0 0 0 59.04023 38714.63
089P 4 2 108.6182 87.49256 0 0 0 0 58.5474 9503.288
090P 4 4 108.6511 23.5241 0 0 0 0 58.38313 2555.919
091P 3 1 109.1439 340.9351 0 0 0 0 57.89031 37211
092P 2 2 110.7538 31.44212 0 1 0 0 56.5104 3482.335
093P 2 3 111.8709 68.20674 0 0 1 0 54.60482 7630.348
094P 3 4 112.068 3.022649 0 0 0 1 0.3449763 338.7423
095P 1 3 112.8565 66.2683 1 0 0 0 54.4734 7478.81
097P 2 2 113.7765 266.8474 0 0 0 0 60.35442 30360.95
098P 1 0 113.9407 217.4993 0 0 0 0 53.22491 24782.03
099P 4 3 114.2364 4.23828 0 0 0 0 52.86351 484.166
100P 1 1 114.335 66.82683 0 0 0 0 52.69923 7640.646
101P 1 2 114.4007 110.7538 0 0 0 0 52.07499 12670.31
102P 4 3 119.3946 7.260929 0 0 0 0 49.77515 866.9161
103P 1 3 120.5446 61.47149 0 0 0 0 6.538122 7410.054
104P 3 2 121.2345 565.2354 0 0 0 0 46.06255 68526.05
105P 2 4 121.5631 67.68106 0 0 0 0 45.53687 8227.518
106P 3 1 122.8773 40.0501 0 0 0 0 44.51837 4921.247
107P 1 2 125.1443 208.8914 0 0 0 0 41.95569 26141.55
108P 2 2 125.4399 79.3774 0 0 0 0 41.75856 9957.097
109P 2 2 125.5057 94.8192 0 0 0 0 41.7257 11900.35
110P 3 5 126.5242 10.25072 0 0 0 1 11.30208 1296.964
111P 1 1 126.7541 75.17197 0 0 0 0 40.47722 9528.359
112P 1 2 127.0498 155.1408 0 0 0 0 40.08296 19710.61
113P 2 2 127.9041 179.0263 0 0 0 0 39.19588 22898.19
114P 3 3 127.9041 749.3213 0 0 0 0 39.19588 95841.24
116P 3 3 134.3765 288.6302 0 0 0 0 42.7442 38785.1
117P 1 3 134.475 185.1373 0 0 0 0 32.6249 24896.34
118P 1 3 135.0336 127.7726 0 0 0 0 17.57736 17253.6
119P 2 5 136.4463 22.01277 0 0 0 0 30.52219 3003.562
122P 1 2 137.3991 136.4792 0 0 0 0 29.53654 18752.12
123P 2 0 137.5634 445.0194 0 0 0 0 29.5694 61218.38
124P 2 3 137.6948 226.2059 0 0 0 0 29.2737 31147.38
125P 1 5 114.8607 41.88998 0 0 0 0 52.33783 4811.511
126P 2 0 129.1854 345.1734 0 0 0 0 33.67626 44591.37
127P 2 1 79.87022 533.9576 0 0 0 0 70.96655 42647.31
128P 1 3 119.8875 50.43225 0 0 0 0 39.75441 6046.195
129P 2 3 119.9203 72.34645 1 0 0 0 47.04819 8675.811
130P 2 3 102.6387 105.5627 1 0 0 0 57.03608 10834.82
131P 2 0 45.93113 30.42362 1 0 0 0 121.3331 1397.391
132P 2 1 100.8316 100.6017 1 0 0 0 78.26033 10143.83
134P 2 4 139.8961 23.16269 0 0 0 0 27.07242 3240.37
135P 1 2 138.2862 185.6958 0 0 0 0 28.45233 25679.17
136P 2 2 137.2349 10.1193 1 1 0 1 0.06570977 1388.721
137P 2 3 137.1034 89.62812 0 0 0 0 29.89794 12288.32
138P 2 3 129.1197 14.39044 0 1 0 0 37.71741 1858.089
139P 2 2 146.1057 750.307 0 0 0 0 20.86285 109624.1
140P 3 0 143.4116 709.2712 0 0 0 0 23.55695 101717.7
141P 3 3 143.2144 19.5158 1 0 0 1 0.854227 2794.945
142P 4 4 142.1959 4.008296 0 0 0 0 35.6804 569.9634
143P 2 3 140.6189 34.26764 0 0 0 0 26.38247 4818.679
144P 4 4 140.1918 272.9584 1 1 0 1 1.248486 38266.52
145P 2 3 140.1589 98.59751 0 0 0 0 26.80959 13819.32
146P 1 3 147.4527 62.48999 0 0 0 0 30.5879 9214.319
147P 4 3 147.3542 8.60798 1 0 0 0 19.74579 1268.422
148P 2 3 149.3583 202.3532 0 0 0 0 17.61022 30223.14
149P 2 4 149.5554 47.54102 0 0 0 0 17.41309 7110.017
150P 2 2 151.0339 27.33526 0 0 0 0 21.81564 4128.552
152P 1 3 153.268 21.38853 0 0 0 0 13.70049 3278.178
153P 3 2 158.3605 4.599684 1 0 0 0 8.739399 728.4084
154P 2 2 159.1819 342.2822 0 0 0 0 7.983737 54485.13
156P 2 2 160.4304 277.3281 0 0 0 0 6.702396 44491.85
160P 3 4 162.2046 693.6323 0 0 0 1 1.577034 112510.3
161P 2 2 163.3216 162.0074 0 0 0 0 3.088359 26459.32
162P 3 3 163.7816 17.11739 0 0 1 1 0.7228074 2803.514
163P 3 2 152.6109 281.8292 1 0 0 1 0.06570977 43010.22
164P 2 4 166.0814 53.61917 0 0 1 1 5.256781 8905.149
165P 2 2 168.2499 747.7772 0 0 0 0 10.71069 125813.4
166P 2 5 171.6011 377.0098 0 0 0 0 7.359494 64695.28
167P 1 0 173.2109 102.5729 0 0 0 0 5.749605 17766.76
168P 2 2 173.2438 292.4085 0 0 0 0 5.552475 50657.96
169P 1 3 173.7695 114.5321 0 0 0 0 5.026797 19902.19
170P 3 3 173.9338 453.1674 1 0 0 0 4.862523 78821.11
171P 1 3 174.3609 59.73018 0 0 0 0 4.599684 10414.61
172P 2 2 174.8537 11.53206 0 1 0 0 4.17257 2016.424
173P 4 5 174.8865 1.051356 0 0 0 1 4.829668 183.8681
174P 3 2 175.2808 17.1831 0 0 0 1 0.4599684 3011.868
175P 1 5 175.5108 60.94581 0 1 0 0 1.872728 10696.65
176P 3 2 177.0221 11.00639 0 0 0 0 0.558533 1948.374
177P 2 5 179.2562 37.55313 0 0 0 0 0.558533 6731.634
