001        0 1 0 0 0   83.00000  109.00000  0.00000 0   27.59810 BCH        0 1989.00000
002        0 0 0 0 0   14.00000   42.00000  0.00000 0   40.51007 BCH        1 1987.00000
003        1 0 0 0 0   62.00000  171.00000  0.15424 0   23.29411 BCH        0 1989.00000
004        0 0 0 0 0   29.00000   81.00000  0.23966 0   51.28647 BCH        0 1987.00000
005        0 0 0 0 0   53.00000  104.00000  0.00000 0   48.03384 BCH        0 1987.00000
006        0 0 0 0 0   24.00000   72.00000  0.20314 0   42.28424 BCH        0 1987.00000
007        1 0 0 0 0    7.00000    4.00000  0.00000 0   23.52410 BCH        0 1989.00000
008        0 0 0 0 0   12.00000 1314.00000  0.00000 0   16.46030 BCH        0 1990.00000
009        1 0 0 0 0   29.00000   28.00000  0.00000 0   32.13208 BCH        0 1988.00000
010        0 0 0 0 0   38.00000   51.00000  0.00000 0   45.53687 BCH        1 1987.00000
011        0 0 0 0 0   18.00000    6.00000  0.00000 0   11.86061 BCH        0 1990.00000
012        1 0 0 0 0   64.00000    6.00000  0.00000 0   24.83829 BCH        0 1989.00000
013        1 0 0 0 0   59.00000   24.00000  0.75308 0   85.42270 BCH        0 1984.00000
014        1 0 0 0 0    9.00000    8.00000  0.00000 0   14.25902 BCH        0 1990.00000
015        0 0 0 0 0   39.00000   27.00000  0.00000 0   18.33303 BCH        0 1989.00000
016        1 0 0 0 0   18.00000    7.00000  0.00000 0   10.25072 BCH        0 1990.00000
017        1 0 0 0 0   67.00000  124.00000  0.35187 0   67.25395 BCH        0 1985.00000
018        1 0 0 0 0   50.00000    9.00000  0.00000 0   11.00639 BCH        0 1990.00000
019        0 0 0 0 0   95.00000  493.00000  0.27775 0   57.72603 BCH        0 1986.00000
020        1 0 0 0 0   18.00000   10.00000  0.12717 0    6.57098 BCH        0 1990.00000
021        0 0 0 0 0   47.00000   11.00000  0.00000 0    6.53812 BCH        0 1990.00000
022        1 0 0 0 0    7.00000  147.00000  0.00000 0   49.51231 BCH        0 1987.00000
023        1 0 0 0 0   86.00000   58.00000  0.24093 0   51.22076 BCH        0 1987.00000
024        0 0 0 0 0    1.00000  524.00000  0.22042 0   46.48966 BCH        0 1987.00000
025        0 0 0 0 1    0.00000 1136.00000  0.00000 0    6.70240 BCH        0 1990.00000
026        0 0 0 0 1    0.00000  868.00000  0.00000 0   23.49124 BCH        0 1987.00000
027        1 0 0 0 0   64.00000    9.00000  0.16041 0   26.08678 BCH        0 1989.00000
028        1 0 0 0 0    6.00000    5.00000  0.15562 0   23.81979 BCH        0 1989.00000
029        1 0 0 0 0    8.00000   12.00000  0.00000 0    6.89953 BCH        0 1990.00000
030        0 0 0 0 1    0.00000  300.00000  0.00000 0   21.55280 BCH        0 1989.00000
031        1 0 0 0 0   21.00000  269.00000  0.15006 0   20.92856 BCH        0 1989.00000
032        1 0 0 0 0   59.00000    4.00000  0.00000 0   23.91836 BCH        0 1989.00000
033        1 0 0 0 0   29.00000    7.00000  0.00000 0    8.83796 BCH        0 1990.00000
034        0 0 0 0 0   49.00000   53.00000  0.00000 0   15.93462 BCH        0 1990.00000
035        1 0 0 0 0   20.00000    8.00000  0.00000 0    4.96109 BCH        1 1990.00000
036        1 0 0 0 0    7.00000    8.00000  0.00000 0   18.03733 BCH        0 1989.00000
037        0 0 0 0 0   84.00000   80.00000  0.00000 0   56.31327 BCH        0 1986.00000
038        0 0 0 0 0   93.00000   12.00000  0.00000 0    8.60798 BCH        1 1990.00000
039        0 0 0 0 0   82.00000  161.00000  1.24656 0   91.43514 BCH        0 1983.00000
040        1 0 0 0 0    7.00000  109.00000  0.21322 0   44.78121 BCH        0 1987.00000
041        1 0 0 0 0   33.00000    8.00000  0.13214 0   10.25072 BCH        0 1990.00000
042        1 0 0 0 0   68.00000   16.00000  0.00000 0   25.10113 BCH        0 1989.00000
043        0 0 0 0 0   23.00000   97.00000  0.14604 0   24.18119 BCH        0 1989.00000
044        0 0 1 0 0   66.00000   25.00000  0.15143 0   21.81564 BCH        0 1989.00000
045        0 0 0 0 0   12.00000   91.00000  0.16423 0   28.22235 BCH        0 1989.00000
046        1 0 0 0 0   29.00000  211.00000  0.14075 0   15.63892 BCH        0 1990.00000
047        0 0 0 0 0   30.00000  121.00000  0.00000 0   43.69700 BCH        0 1987.00000
048        0 0 0 0 1    0.00000  322.00000  0.00000 0   51.71359 BCH        0 1987.00000
049        0 0 0 0 0   39.00000   67.00000  0.00000 0   17.80735 BCH        0 1989.00000
050        0 0 0 0 0   44.00000  264.00000  0.00000 0   20.23861 BCH        0 1989.00000
051        0 0 0 0 0   57.00000   13.00000  0.00000 0   17.24881 BCH        0 1989.00000
052        1 0 0 0 0    6.00000    3.00000  0.00000 0   21.68422 BCH        0 1989.00000
053        1 0 0 0 0    6.00000   13.00000  0.00000 0   14.94897 BCH        0 1990.00000
054        1 0 0 0 0    6.00000    5.00000  0.00000 0   16.59172 BCH        0 1990.00000
055        1 0 0 0 0   43.00000    5.00000  0.00000 0   18.43159 BCH        0 1989.00000
056        1 0 0 0 0   55.00000    3.00000  0.63191 0   82.03865 BCH        0 1984.00000
057        0 0 0 0 0   68.00000  146.00000  1.13783 0   90.28522 BCH        0 1983.00000
058        1 0 0 0 0   21.00000    7.00000  0.00000 0   10.71069 BCH        0 1990.00000
059        0 0 0 0 0   48.00000   72.00000  0.18934 0   37.45457 BCH        0 1988.00000
060        0 0 0 0 0   46.00000   75.00000  0.00000 0   37.52028 BCH        0 1988.00000
061        1 0 0 0 0   44.00000    5.00000  0.00000 0    8.83796 BCH        0 1990.00000
062        0 0 0 0 0   27.00000   61.00000  0.00000 0   21.09284 BCH        1 1989.00000
063        1 0 0 0 0   60.00000    2.00000  0.56278 0   79.50882 BCH        0 1984.00000
064        0 0 0 0 0   43.00000   56.00000  0.00000 0   37.88168 BCH        0 1988.00000
065        0 0 0 0 0   51.00000   13.00000  0.00000 0   14.75184 BCH        0 1990.00000
066        1 0 0 0 0   25.00000    8.00000  0.00000 0   23.03127 BCH        0 1989.00000
067        1 0 0 0 0   13.00000   45.00000  0.00000 0   21.78279 BCH        0 1989.00000
068        1 0 0 0 0   40.00000    8.00000  0.00000 0   14.98183 BCH        0 1990.00000
069        0 0 0 0 0   50.00000    6.00000  0.00000 0   20.27146 BCH        0 1989.00000
070        1 0 0 0 0   93.00000    2.00000  1.09682 0   46.62108 BCH        0 1983.00000
071        1 0 0 0 0   57.00000   13.00000  0.00000 0   10.84211 BCH        0 1990.00000
072        1 0 0 0 0   12.00000    3.00000  0.00000 0   11.40064 BCH        0 1990.00000
073        1 0 0 0 0   62.00000   33.00000  0.00000 0    6.83382 BCH        0 1990.00000
074        1 0 0 0 0   18.00000   21.00000  0.00000 0    8.21372 BCH        0 1990.00000
075        1 0 0 0 0   64.00000    4.00000  0.00000 0   26.41533 BCH        0 1989.00000
076        0 0 0 0 0   91.00000  128.00000  0.24464 0   51.77930 BCH        0 1987.00000
077        0 0 0 0 1    0.00000 2154.00000  0.00000 0   44.58408 BCH        0 1987.00000
078        0 0 0 0 0   72.00000   43.00000  0.00000 0   20.96142 BCH        0 1989.00000
079        0 0 0 0 0   66.00000  183.00000  0.00000 0   17.51165 BCH        0 1989.00000
080        0 0 0 0 0   45.00000   44.00000  0.00000 0   34.89189 BCH        0 1988.00000
081        1 0 0 0 0   46.00000    9.00000  0.00000 0   12.02489 BCH        0 1990.00000
082        0 0 0 0 0   59.00000   49.00000  0.00000 0    8.21372 BCH        0 1990.00000
083        0 0 0 0 0   94.00000  198.00000  0.54677 0   78.85172 BCH        0 1984.00000
084        0 0 0 0 0   55.00000   64.00000  0.00000 0   41.13431 BCH        0 1987.00000
085        1 0 0 0 0   58.00000    7.00000  0.00000 0   15.50751 BCH        0 1990.00000
086        1 0 0 0 0   59.00000    5.00000  0.00000 0   10.08645 BCH        0 1990.00000
087        1 0 0 0 0    5.00000    9.00000  0.00000 0   14.91612 BCH        0 1990.00000
088        1 0 0 0 0    6.00000   11.00000  0.00000 0    5.97959 BCH        0 1990.00000
089        1 0 0 0 0   56.00000    6.00000  0.00000 0    6.20957 BCH        0 1990.00000
090        1 0 0 0 0   48.00000  421.00000  0.00000 0   10.94068 BCH        0 1990.00000
091        1 0 0 0 0   16.00000  546.00000  0.17704 0   33.57769 BCH        0 1988.00000
092        1 0 0 0 0   52.00000    7.00000  0.00000 0   24.83829 BCH        0 1989.00000
093        1 0 0 0 0   52.00000    2.00000  0.59680 0   80.98729 BCH        0 1984.00000
094        0 0 0 0 0   58.00000    6.00000  0.00000 0   14.16046 BCH        0 1990.00000
095        1 0 0 0 0   21.00000   47.00000  0.00000 0    7.65519 BCH        0 1990.00000
096        1 0 0 0 0   27.00000    8.00000  0.00000 0    7.68804 BCH        0 1990.00000
097        0 0 1 0 0   50.00000  264.00000  0.00000 0    5.84817 BCH        0 1990.00000
098        0 0 0 0 0   22.00000    3.00000  0.00000 0    8.27943 BCH        0 1990.00000
099        1 0 0 0 0   28.00000  152.00000  0.00000 0   29.30656 BCH        0 1988.00000
100        0 0 1 0 0   54.00000   48.00000  0.00000 0   32.00066 BCH        0 1988.00000
101        1 0 0 0 0   61.00000    8.00000  0.00000 0   23.88550 BCH        0 1989.00000
102        1 0 0 0 0   14.00000  150.00000  0.00000 0   32.85488 BCH        0 1988.00000
103        1 0 0 0 0    8.00000    4.00000  0.00000 0   22.07848 BCH        0 1989.00000
104        0 0 0 0 0   37.00000   91.00000  0.00000 0   19.61437 BCH        0 1989.00000
105        0 0 0 0 0   28.00000    4.00000  0.00000 0    6.99809 BCH        0 1990.00000
106        1 0 0 0 0   10.00000  370.00000  0.00000 0   16.88741 BCH        0 1990.00000
107        1 0 0 0 0   17.00000    4.00000  0.00000 0   24.08263 BCH        0 1989.00000
108        1 0 0 0 0   25.00000    5.00000  0.00000 0   25.95536 BCH        0 1989.00000
109        1 0 0 0 0   16.00000    3.00000  0.00000 0   23.22840 BCH        0 1989.00000
110        1 0 0 0 0   66.00000   11.00000  0.64530 0   82.30148 BCH        0 1984.00000
111        0 0 0 0 0   34.00000  219.00000  0.00000 0   50.30083 BCH        0 1987.00000
112        0 0 0 0 1    0.00000  645.00000  0.16870 0   29.83223 BCH        0 1988.00000
113        0 0 0 0 0   36.00000  245.00000  0.00000 0   53.68488 BCH        0 1986.00000
114        0 0 1 0 0   37.00000   44.00000  0.00000 0    9.85647 BCH        0 1990.00000
115        1 0 0 0 0   13.00000    3.00000  0.00000 0   20.04148 BCH        0 1989.00000
116        0 0 0 0 0   24.00000  134.00000  0.00000 0   20.69858 BCH        0 1989.00000
117        0 0 0 0 0   56.00000   55.00000  0.00000 0   13.20766 BCH        0 1990.00000
118        0 0 0 0 0   27.00000  111.00000  0.18993 0   29.14228 BCH        0 1988.00000
119        0 0 0 0 0   32.00000   11.00000  0.00000 0   12.87911 BCH        0 1990.00000
120        0 0 1 0 0    7.00000   73.00000  0.00000 0    6.17672 BCH        0 1990.00000
121        1 0 1 0 0    5.00000   13.00000  0.00000 0    6.30814 BCH        0 1990.00000
122        1 0 0 0 0    6.00000   14.00000  0.00000 0    5.84817 BCH        0 1990.00000
123        0 0 0 0 0   62.00000   27.00000  0.00000 0   21.78279 BCH        0 1989.00000
124        0 0 0 0 1    0.00000 2846.00000  0.15589 0   23.85265 BCH        0 1989.00000
125        0 0 0 0 0   39.00000   97.00000  0.00000 0   49.97228 BCH        0 1987.00000
126        1 0 0 0 0    8.00000   10.00000  0.00000 0   12.97768 BCH        0 1990.00000
127        0 0 0 0 0   13.00000    9.00000  0.17059 0   30.45648 BCH        0 1988.00000
128        1 0 0 0 0   11.00000    6.00000  0.00000 0    9.75790 BCH        0 1990.00000
129        1 0 0 0 0    6.00000   13.00000  0.00000 0   26.11963 BCH        0 1989.00000
130        0 0 0 0 0   87.00000  191.00000  0.25488 0   53.61917 BCH        0 1986.00000
131        1 0 0 0 0    7.00000    7.00000  0.00000 0   13.99618 BCH        0 1990.00000
132        0 0 0 0 0   25.00000    4.00000  0.00000 0   18.99012 BCH        0 1989.00000
133        1 0 0 0 0   21.00000    9.00000  0.15086 0   21.25711 BCH        0 1989.00000
134        1 0 0 0 0   13.00000  115.00000  0.00000 0   32.98630 BCH        0 1988.00000
135        1 0 0 0 0    6.00000    8.00000  0.00000 0   16.29602 BCH        0 1990.00000
136        0 0 0 0 0   31.00000    6.00000  0.00000 0   17.80735 BCH        0 1989.00000
137        1 0 0 0 0   62.00000    9.00000  0.00000 0   18.36588 BCH        0 1989.00000
138        1 0 0 0 0   57.00000    7.00000  0.00000 0   14.22616 BCH        0 1990.00000
139        1 0 0 0 0  103.00000    6.00000  0.00000 0   14.55471 BCH        0 1990.00000
140        1 0 0 0 0   52.00000   79.00000  0.00000 0   11.26923 BCH        0 1990.00000
141        1 0 0 0 0   12.00000    9.00000  0.00000 0   18.56301 BCH        0 1989.00000
142        1 0 0 0 0   57.00000   13.00000  0.00000 0   16.52601 BCH        1 1990.00000
143        1 0 0 0 0   37.00000   11.00000  0.00000 0   17.11739 BCH        0 1989.00000
144        1 0 0 0 0   56.00000    5.00000  0.00000 0   14.45615 BCH        0 1990.00000
145        0 0 0 0 0   63.00000   82.00000  0.00000 0   18.26732 BCH        0 1989.00000
146        0 0 0 0 0   51.00000   13.00000  0.00000 0   19.18725 BCH        0 1989.00000
147        1 0 0 0 0   15.00000    4.00000  0.00000 0   10.34929 BCH        0 1990.00000
148        1 0 0 0 0   62.00000    8.00000  0.00000 0    5.02680 BCH        0 1990.00000
149        0 0 0 0 0   60.00000  112.00000  0.00000 0   47.34389 BCH        0 1987.00000
150        0 0 0 0 0    6.00000   82.00000  0.00000 0   10.90782 BCH        1 1990.00000
151        0 0 0 0 0   45.00000   49.00000  0.00000 0   34.20193 BCH        0 1988.00000
152        1 0 0 0 0   53.00000    6.00000  0.00000 0   15.93462 BCH        0 1990.00000
153        0 0 0 0 0   52.00000   67.00000  0.00000 0    9.13366 BCH        0 1990.00000
154        0 0 0 0 0   57.00000  117.00000  0.00000 0   42.51422 BCH        0 1987.00000
155        1 0 0 0 0   12.00000  262.00000  0.00000 0   43.69700 BCH        0 1987.00000
156        0 0 0 0 0   74.00000 1778.00000  0.00000 0   56.34613 BCH        0 1983.00000
157        0 0 0 0 0   56.00000   80.00000  0.00000 0   91.92797 BCH        1 1983.00000
158        1 0 0 0 0   64.00000 1016.00000  0.52402 0   77.73466 BCH        0 1984.00000
159        0 0 0 0 0   59.00000   25.00000  0.00000 0   42.87562 BCH        0 1987.00000
160        0 0 0 0 0   33.00000  150.00000  0.00000 0   17.05168 BCH        0 1989.00000
161        1 0 0 0 0   53.00000    4.00000  0.00000 0   17.51165 BCH        0 1989.00000
162        1 0 0 0 0   29.00000    2.00000  0.00000 0   15.11325 BCH        0 1990.00000
163        1 0 0 0 0   13.00000    2.00000  0.00000 0    9.10080 BCH        0 1990.00000
164        1 0 0 0 0   52.00000    4.00000  0.00000 0    4.69825 BCH        0 1990.00000
165        0 0 0 0 0   52.00000   81.00000  0.00000 0   35.87753 BCH        0 1988.00000
166        0 0 0 0 1    0.00000 1057.00000  0.15496 0   16.29602 BCH        0 1989.00000
167        1 0 0 0 0   21.00000  169.00000  0.12625 0    6.07815 BCH        0 1990.00000
168        1 0 0 0 0   24.00000  146.00000  0.00000 0   41.85712 BCH        0 1987.00000
169        0 0 0 0 1    0.00000 1174.00000  0.14835 0   19.71293 BCH        1 1989.00000
170        1 0 0 0 0    8.00000    8.00000  0.00000 0   14.94897 BCH        0 1990.00000
171        0 0 0 0 0   55.00000   94.00000  0.00000 0   20.30432 BCH        0 1989.00000
172        0 0 0 0 0   46.00000    8.00000  0.00000 0   12.55057 BCH        0 1990.00000
173        1 0 0 0 0   58.00000    8.00000  0.00000 0   17.18310 BCH        0 1989.00000
174        1 0 0 0 0   52.00000    5.00000  0.00000 0  100.07598 BCH        0 1983.00000
175        0 0 1 0 1    0.00000  841.00000  0.23950 0   50.56367 BCH        0 1987.00000
176        0 0 0 0 0  101.00000  441.00000  0.75308 0   84.66704 BCH        0 1984.00000
177        0 0 0 0 0   84.00000  130.00000  0.27237 0   56.54326 BCH        0 1986.00000
178        1 0 0 0 0   68.00000   17.00000  0.64874 0   82.43290 BCH        0 1984.00000
179        1 0 0 0 0   59.00000    1.00000  0.00000 0   99.12319 BCH        0 1983.00000
180        1 0 0 0 0   64.00000   16.00000  0.00000 0   96.29767 BCH        0 1983.00000
181        0 0 0 0 0   55.00000    4.00000  0.00000 0    8.87082 BCH        0 1990.00000
182        0 0 0 0 0   28.00000   14.00000  0.00000 0    9.26508 BCH        0 1990.00000
183        0 0 0 0 0   44.00000    4.00000  0.00000 0   11.53206 BCH        0 1990.00000
184        0 0 0 0 1    0.00000 1215.00000  0.00000 0   31.27785 BCH        0 1988.00000
185        0 0 0 0 0   61.00000  703.00000  0.00000 0   38.83447 BCH        0 1988.00000
186        1 0 0 0 0   52.00000  220.00000  0.00000 0   91.23801 BCH        0 1983.00000
187        1 0 0 0 0   68.00000    2.00000  1.72284 0   93.60356 BCH        0 1983.00000
188        0 0 0 0 0   85.00000   15.00000  0.00000 0    4.69825 BCH        0 1990.00000
189        1 0 0 0 0   62.00000   25.00000  0.28117 0   57.89031 BCH        0 1986.00000
190        0 0 0 0 0   69.00000  127.00000  3.65243 0   97.28331 BCH        0 1983.00000
191        1 0 0 0 0   58.00000    1.00000  0.00000 0   90.15380 BCH        0 1983.00000
192        1 0 0 0 0   62.00000    4.00000  0.00000 0   26.41533 BCH        0 1989.00000
193        0 0 0 0 0   36.00000  223.00000  0.00000 0   10.44785 BCH        0 1990.00000
194        0 0 0 0 0   63.00000    6.00000  0.00000 0   89.62812 BCH        0 1983.00000
195        1 0 0 0 0   14.00000   40.00000  0.00000 0   27.03957 BCH        0 1989.00000
196        1 0 0 0 0   61.00000    7.00000  0.00000 0   23.58981 BCH        0 1989.00000
197        1 0 0 0 0   16.00000    4.00000  0.14896 0   20.00862 BCH        0 1989.00000
198        1 0 0 0 0   56.00000   56.00000  1.89245 0   94.22781 BCH        0 1983.00000
199        1 0 0 0 0   65.00000    3.00000  0.00000 0   93.37358 BCH        0 1983.00000
200        1 0 0 0 0   80.00000    0.00000  0.00000 0   94.65492 BCH        0 1983.00000
201        0 0 0 0 0   78.00000    4.00000  0.00000 0   20.10719 BCH        0 1989.00000
202        0 0 0 0 0   11.00000   31.00000  0.00000 0   15.63892 BCH        1 1990.00000
203        0 0 0 0 0   72.00000   34.00000  0.00000 0   12.09060 BCH        0 1990.00000
204        1 0 0 0 0   11.00000   24.00000  0.00000 0   47.83671 BCH        0 1987.00000
205        1 0 1 0 0   67.00000   20.00000  0.00000 0   21.84850 BCH        0 1989.00000
206        1 0 0 0 0   63.00000    4.00000  0.00000 0   92.25651 BCH        0 1983.00000
207        1 0 0 0 0   18.00000    8.00000  0.00000 0   22.76843 BCH        0 1989.00000
208        1 0 0 0 0   64.00000    2.00000  0.62542 0   81.38155 BCH        0 1984.00000
209        1 0 0 0 0   70.00000    8.00000  0.78210 0   85.22557 BCH        0 1984.00000
210        0 0 0 0 0   57.00000  153.00000  0.00000 0   46.71965 BCH        0 1987.00000
211        1 0 0 0 0  101.00000    3.00000  0.00000 0   91.10659 BCH        0 1983.00000
212        1 0 0 0 0    7.00000   74.00000  0.00000 0   45.99684 BCH        0 1987.00000
213        1 0 0 0 0   58.00000    4.00000  0.00000 0   13.66763 BCH        0 1990.00000
214        1 0 0 0 0    6.00000    5.00000  0.00000 0   26.18534 BCH        0 1989.00000
215        0 0 1 0 0   55.00000    9.00000  0.14091 1   17.67593 BCH        0 1990.00000
216        1 0 0 0 0    7.00000   69.00000  0.13335 0   12.81340 BCH        0 1990.00000
217        1 0 0 0 0   70.00000   66.00000  0.24863 0   53.29062 BCH        0 1987.00000
218        0 0 0 0 0   38.00000  232.00000  0.14914 0   20.37003 BCH        0 1989.00000
219        0 0 0 0 0   35.00000  154.00000  0.00000 0   18.53015 BCH        0 1986.00000
220        0 0 0 0 0   44.00000  598.00000  0.12929 0    9.65934 BCH        0 1990.00000
221        0 0 0 0 0   48.00000   74.00000  0.00000 0   35.61469 BCH        0 1988.00000
222        1 0 0 0 0   96.00000    7.00000  3.65243 1    0.03285 BCH        0 1983.00000
223        0 0 0 0 0   84.00000  185.00000  3.35085 1    0.03285 BCH        0 1983.00000
224        0 0 0 0 0   70.00000   42.00000  1.56756 1    0.00411 BCH        1 1983.00000
225        1 1 0 0 0   60.00000   17.00000  0.89301 1    0.00342 BCH        0 1984.00000
226        1 0 0 0 0   64.00000    7.00000  0.83771 1    0.03285 BCH        0 1984.00000
227        1 0 0 0 0   62.00000    4.00000  0.53950 1    0.00205 BCH        0 1984.00000
228        1 0 0 0 0   70.00000    4.00000  0.52178 1    0.03285 BCH        0 1984.00000
229        1 0 0 0 0   64.00000   29.00000  0.49290 1    0.03285 BCH        0 1985.00000
230        1 0 0 0 0   69.00000  129.00000  0.34719 1    0.03285 BCH        0 1985.00000
231        0 0 0 0 0  112.00000   26.00000  0.25631 1    1.41276 BCH        1 1986.00000
232        0 0 0 0 1    0.00000  584.00000  0.23903 1    6.24243 BCH        1 1987.00000
233        0 0 0 0 0   59.00000  313.00000  0.22230 1    6.37385 BCH        0 1987.00000
234        0 0 0 0 0  112.00000   85.00000  0.00000 1    0.09856 BCH        0 1988.00000
235        0 0 0 0 0   60.00000  110.00000  0.18578 1    4.73110 BCH        0 1988.00000
236        0 0 0 0 1    0.00000 1498.00000  0.17012 1    0.09856 BCH        0 1988.00000
237        0 0 0 0 0   41.00000   37.00000  0.00000 1    2.13557 BCH        1 1988.00000
238        0 0 0 1 0   69.00000    8.00000  0.00000 1    0.09856 BCH        0 1989.00000
239        1 0 0 0 0   20.00000   56.00000  0.00000 1    0.03285 BCH        0 1989.00000
240        0 0 1 1 0   60.00000   14.00000  0.00000 1    0.00137 BCH        0 1990.00000
241        0 0 1 0 0   59.00000   60.00000  0.00000 1    0.00137 BCH        0 1990.00000
242        0 0 0 0 0   25.00000    5.00000  0.00000 1    0.26284 BCH        0 1990.00000
243        1 0 0 0 0   51.00000    4.00000  0.00000 1    0.78852 BCH        0 1990.00000
244        0 0 0 0 0   20.00000  119.00000  0.00000 1    0.03285 BCH        0 1990.00000
245        0 0 0 0 0   62.00000   17.00000  0.00000 0   25.10113 BCH        0 1989.00000
246        0 0 0 0 0   29.00000  107.00000  0.00000 0    8.93653 BCH        1 1990.00000
300        1 0 0 0 0   62.00000    8.00000  0.00000 0    8.77225 BCH        0 1991.00000
301        1 0 0 0 0    6.00000    5.00000  0.00000 0   18.39874 BCH        0 1991.00000
302        0 0 0 0 0   61.00000   10.00000  0.00000 0   13.24052 BCH        1 1991.00000
303        0 0 0 0 0   61.00000    5.00000  0.00000 0    8.57512 BCH        0 1991.00000
304        1 0 0 0 0   53.00000    5.00000  0.00000 0   18.03733 BCH        0 1991.00000
305        1 0 0 0 0   41.00000    6.00000  0.00000 0   16.55886 BCH        0 1991.00000
306        0 0 0 0 0   29.00000   22.00000  0.00000 0   13.24052 BCH        0 1991.00000
307        1 0 0 0 0    5.00000    5.00000  0.12034 0   15.40894 BCH        0 1991.00000
308        0 0 0 0 0   45.00000    5.00000  0.00000 0   14.71899 BCH        0 1991.00000
309        1 0 0 0 0   43.00000    6.00000  0.00000 0    9.65934 BCH        0 1991.00000
310        0 0 0 0 0   45.00000   65.00000  0.00000 0    0.32855 BCH        0 1991.00000
311        0 0 0 0 0   79.00000   22.00000  0.00000 0    8.14801 BCH        1 1991.00000
312        0 0 0 0 0   26.00000   63.00000  0.00000 0   12.48486 BCH        0 1991.00000
313        1 0 0 0 0   54.00000    6.00000  0.00000 0   11.10495 BCH        0 1991.00000
314        1 0 0 0 0    7.00000  134.00000  0.00000 0   14.65328 BCH        0 1991.00000
315        0 0 0 0 0   17.00000  105.00000  0.00000 0    7.78661 BCH        0 1991.00000
316        0 0 0 0 0    5.00000   65.00000  0.11259 0   10.21787 BCH        0 1991.00000
317        0 0 0 0 0   74.00000  166.00000  0.00000 0    9.46221 BCH        1 1991.00000
318        1 0 0 0 0   32.00000   23.00000  0.00000 0   11.66348 BCH        0 1991.00000
319        1 0 0 0 0    8.00000    8.00000  0.00000 1    0.03285 BCH        1 1991.00000
320        0 0 0 0 0   12.00000    5.00000  0.00000 0    9.36364 BCH        0 1991.00000
321        0 0 0 0 0   54.00000  270.00000  0.00000 0   14.62042 BCH        0 1991.00000
322        1 0 0 0 0    3.00000    6.00000  0.00000 0    5.61819 BCH        0 1991.00000
323        1 0 0 0 0   38.00000    4.00000  0.00000 0    9.92217 BCH        0 1991.00000
324        1 0 0 0 0   55.00000   14.00000  0.00000 0   15.80320 BCH        0 1991.00000
325        0 0 0 0 0   60.00000   99.00000  0.00000 0   11.46635 BCH        0 1991.00000
326        1 0 0 0 0   45.00000    6.00000  0.00000 0   10.34929 BCH        0 1991.00000
327        1 0 0 0 0    7.00000    7.00000  0.00000 0   14.35758 BCH        0 1991.00000
328        1 0 0 0 0   47.00000    5.00000  0.00000 0   13.30623 BCH        0 1991.00000
329        0 0 0 0 0   45.00000   13.00000  0.00000 0   17.08454 BCH        0 1991.00000
330        1 0 0 0 0    6.00000    5.00000  0.00000 0   12.78055 BCH        0 1991.00000
331        1 0 0 0 0    6.00000    6.00000  0.00000 0   17.05168 BCH        0 1991.00000
332        0 0 0 0 0   43.00000    5.00000  0.00000 0   12.18916 BCH        0 1991.00000
333        1 0 0 0 0    7.00000    6.00000  0.00000 0   10.11930 BCH        0 1991.00000
334        1 0 0 0 0   60.00000    2.00000  0.00000 0   19.05583 BCH        0 1991.00000
335        1 0 0 0 0    8.00000    1.00000  0.00000 0   11.43350 BCH        0 1991.00000
336        1 0 0 0 0   43.00000    2.00000  0.00000 0   10.61213 BCH        0 1991.00000
337        0 0 0 0 0   36.00000  274.00000  0.12466 0   18.59586 BCH        0 1991.00000
338        0 0 0 0 1    0.00000 1384.00000  0.00000 1    1.21563 BCH        0 1991.00000
339        1 0 0 0 0    7.00000    4.00000  0.00000 0   12.45200 BCH        0 1991.00000
340        0 0 0 1 0   82.00000   14.00000  0.00000 0   10.94068 BCH        1 1991.00000
341        1 0 0 0 0   50.00000    3.00000  0.00000 0   17.01883 BCH        0 1991.00000
342        1 0 0 0 0   43.00000    4.00000  0.00000 0   11.30208 BCH        0 1991.00000
343        1 0 0 0 0    6.00000    4.00000  0.00000 0   14.16046 BCH        0 1991.00000
344        0 0 0 0 0   60.00000   36.00000  0.00000 0   14.85041 BCH        0 1991.00000
345        0 0 0 0 0   38.00000    6.00000  0.00000 0   14.65328 BCH        0 1991.00000
346        0 0 0 0 0   55.00000    9.00000  0.00000 0   15.44180 BCH        0 1991.00000
347        1 0 0 0 0    6.00000    4.00000  0.00000 0    7.58948 BCH        0 1991.00000
348        1 0 0 0 0   18.00000    7.00000  0.11767 0   12.41915 BCH        0 1991.00000
349        1 0 0 0 0   23.00000    4.00000  0.00000 0   16.98598 BCH        0 1991.00000
350        0 0 0 0 1    0.00000 1163.00000  0.12402 0   19.81150 BCH        1 1991.00000
351        0 0 0 0 0   31.00000    5.00000  0.00000 0    9.00224 BCH        0 1991.00000
352        1 0 0 0 0   12.00000    3.00000  0.00000 0    9.13366 BCH        0 1991.00000
353        0 1 0 1 0   67.00000    8.00000  0.12444 1    0.00274 BCH        0 1991.00000
354        1 0 0 0 0    9.00000   10.00000  0.00000 0   10.05359 BCH        0 1991.00000
355        1 0 0 0 0    8.00000    4.00000  0.00000 0   11.07210 BCH        0 1991.00000
356        1 0 0 0 0   45.00000    5.00000  0.00000 0   10.80926 BCH        0 1991.00000
357        1 0 0 0 0   47.00000   24.00000  0.00000 0   17.74164 BCH        0 1991.00000
358        1 0 0 0 0   51.00000    2.00000  0.00000 0   13.53621 BCH        0 1991.00000
359        1 0 0 0 0   53.00000    8.00000  0.00000 0   12.12345 BCH        0 1991.00000
360        1 0 0 0 0   47.00000    6.00000  0.00000 0   13.56907 BCH        0 1991.00000
361        0 0 1 0 0   53.00000   12.00000  0.00000 0   16.69028 BCH        0 1991.00000
362        1 0 0 0 0    8.00000    2.00000  0.00000 0    7.26093 BCH        0 1991.00000
363        1 0 0 0 0   57.00000    5.00000  0.00000 0   16.95312 BCH        0 1991.00000
364        0 0 0 0 0   17.00000  171.00000  0.00000 0    5.78246 BCH        1 1991.00000
365        1 0 0 0 0   45.00000    9.00000  0.00000 0   13.33908 BCH        0 1991.00000
366        1 0 0 0 0    6.00000   12.00000  0.00000 0    6.99809 BCH        0 1991.00000
367        0 0 0 0 0   27.00000  115.00000  0.11870 0   16.32888 BCH        0 1991.00000
368        1 0 1 0 0    7.00000    6.00000  0.11722 0   12.28773 BCH        0 1991.00000
369        1 0 0 0 0   50.00000  271.00000  0.00000 1    0.03285 BCH        0 1991.00000
370        1 0 0 0 0   54.00000   11.00000  0.12385 0   18.85870 BCH        0 1991.00000
371        0 0 0 0 0   65.00000    6.00000  0.00000 0   11.53206 BCH        0 1991.00000
372        0 0 0 0 0    8.00000  401.00000  0.00000 0    0.19713 BCH        0 1991.00000
373        1 0 0 0 0    9.00000    6.00000  0.00000 0   15.50751 BCH        0 1991.00000
374        1 0 0 0 0   51.00000    4.00000  0.00000 0    9.62648 BCH        0 1991.00000
375        0 1 0 0 0   20.00000  624.00000  0.00000 1    0.29569 BCH        0 1991.00000
376        1 0 0 0 0   37.00000    6.00000  0.00000 0   13.86476 BCH        0 1991.00000
377        0 0 0 0 1    0.00000 1105.00000  0.00000 0   12.02489 BCH        1 1991.00000
009        1 0 0 0 0   55.00000    6.00000  0.48441 0   76.71615 CHSS       0 1985.00000
010        1 0 0 0 0   59.00000   14.00000  0.48376 1    0.00103 CHSS       0 1985.00000
019        1 0 0 0 0   51.00000    7.00000  0.46647 0   75.17197 CHSS       0 1985.00000
021        0 0 0 0 0  111.00000   96.00000  0.41934 0   73.59494 CHSS       0 1985.00000
033        0 0 0 0 0   96.00000  166.00000  0.37693 0   69.19239 CHSS       0 1985.00000
062        1 0 0 0 0   60.00000    3.00000  0.42176 1    2.92408 CHSS       0 1985.00000
064        1 0 0 0 0   65.00000    1.00000  0.41552 0   72.08362 CHSS       0 1985.00000
065        0 0 0 0 0   94.00000  156.00000  0.35357 0   67.94390 CHSS       0 1985.00000
075        1 0 0 0 0   66.00000    5.00000  0.40049 0   71.06511 CHSS       1 1985.00000
078        1 0 0 0 0   67.00000    4.00000  0.39917 0   71.29510 CHSS       0 1985.00000
096        1 0 0 0 0   69.00000    3.00000  0.38086 0   71.42652 CHSS       0 1985.00000
125        0 0 0 0 0   79.00000    9.00000  0.36451 0   68.83098 CHSS       1 1985.00000
126        1 0 0 0 0   70.00000    9.00000  0.36091 0   67.94390 CHSS       0 1985.00000
130        1 0 0 0 0   75.00000    8.00000  0.35668 0   69.29095 CHSS       0 1985.00000
146        1 0 0 0 0   66.00000    2.00000  0.35052 0   66.82683 CHSS       0 1985.00000
149        1 0 0 0 0   70.00000    8.00000  0.00000 0   67.71392 CHSS       0 1985.00000
169        1 0 0 0 0   64.00000    1.00000  0.33417 0   62.03002 CHSS       0 1985.00000
205        1 0 0 0 0   70.00000    2.00000  0.31623 0   50.79365 CHSS       0 1986.00000
222        1 0 0 0 0   65.00000    3.00000  0.30718 0   62.06288 CHSS       0 1986.00000
226        1 0 0 0 0   73.00000    9.00000  0.30848 0   61.99717 CHSS       0 1986.00000
233        1 0 0 0 0   49.00000    6.00000  0.30210 0   61.34007 CHSS       0 1986.00000
240        0 0 0 0 0   72.00000    3.00000  0.29840 0   61.99717 CHSS       0 1986.00000
241        1 0 0 0 0   73.00000    3.00000  0.29816 0   60.78154 CHSS       0 1986.00000
263        1 0 0 0 0   66.00000    4.00000  0.28782 0   59.20450 CHSS       0 1986.00000
265        0 0 0 0 0   89.00000   46.00000  0.28737 0   59.63161 CHSS       0 1986.00000
276        1 0 0 0 0   62.00000    2.00000  0.00000 0   60.55155 CHSS       0 1986.00000
277        1 0 0 0 0   64.00000    4.00000  0.28512 0   58.77739 CHSS       0 1986.00000
281        1 0 0 0 0   66.00000    6.00000  0.28182 0   58.67882 CHSS       0 1986.00000
294        1 0 0 0 0   68.00000    5.00000  0.27545 0   57.29892 CHSS       0 1986.00000
305        1 0 0 0 0   60.00000    1.00000  0.27257 0   58.90881 CHSS       1 1986.00000
309        1 0 0 0 0   58.00000    5.00000  0.00000 0   57.39748 CHSS       0 1986.00000
311        0 0 0 0 0   41.00000  106.00000  0.00000 0   53.58632 CHSS       0 1986.00000
315        1 0 0 0 0   70.00000    3.00000  0.00000 0   57.00322 CHSS       0 1986.00000
331        1 0 0 0 0   63.00000    3.00000  0.00000 0   57.66032 CHSS       0 1986.00000
350        0 0 0 0 0   78.00000    3.00000  0.25885 0   55.72188 CHSS       0 1986.00000
358        0 0 0 0 0   25.00000   17.00000  0.00000 0   54.21056 CHSS       0 1986.00000
359        1 0 0 0 0   66.00000    2.00000  0.00000 0   54.07914 CHSS       0 1986.00000
360        1 0 0 0 0    9.00000    3.00000  0.00000 0   53.65203 CHSS       1 1986.00000
374        0 0 0 0 0   28.00000   75.00000  0.00000 0   50.56367 CHSS       0 1987.00000
378        0 0 0 0 0   58.00000  154.00000  0.00000 1    0.03285 CHSS       0 1986.00000
386        1 0 0 0 0   70.00000   13.00000  0.00000 0   52.46925 CHSS       0 1987.00000
408        0 0 0 0 0   35.00000    3.00000  0.00000 0   51.58217 CHSS       0 1987.00000
409        1 0 0 0 0    9.00000   11.00000  0.00000 0   52.86351 CHSS       0 1987.00000
410        1 0 0 0 0    8.00000    5.00000  0.00000 0   51.41789 CHSS       0 1987.00000
419        1 0 0 0 0   68.00000   10.00000  0.24093 0   51.08934 CHSS       0 1987.00000
420        1 0 0 0 0   53.00000    7.00000  0.00000 0   53.55346 CHSS       0 1987.00000
422        0 0 0 0 0   27.00000    5.00000  0.00000 0   53.12635 CHSS       0 1987.00000
425        1 0 0 0 0   54.00000    3.00000  0.00000 0   53.29062 CHSS       0 1987.00000
428        1 0 0 0 0   53.00000    6.00000  0.00000 1    0.00342 CHSS       0 1987.00000
431        1 0 0 0 0   11.00000    6.00000  0.00000 0   50.07084 CHSS       0 1987.00000
432        1 0 0 0 0   62.00000    6.00000  0.00000 0   51.15505 CHSS       0 1987.00000
433        1 0 0 0 0   63.00000   10.00000  0.00000 1    0.03285 CHSS       0 1987.00000
442        1 0 0 0 0   14.00000   10.00000  0.00000 0   49.74229 CHSS       0 1987.00000
448        0 0 0 0 0   27.00000    4.00000  0.23117 0   48.98663 CHSS       0 1987.00000
463        1 0 0 0 0   50.00000    3.00000  0.00000 0   49.97228 CHSS       0 1987.00000
465        1 0 0 0 0   15.00000    5.00000  0.00000 0   48.32953 CHSS       0 1987.00000
476        1 0 0 0 0   12.00000    6.00000  0.00000 0   39.52443 CHSS       0 1987.00000
477        1 0 0 0 0   14.00000    4.00000  0.00000 0   49.38089 CHSS       0 1987.00000
478        1 0 0 0 0   11.00000    5.00000  0.00000 0   48.85521 CHSS       0 1987.00000
482        1 0 0 0 0   10.00000    5.00000  0.00000 0   50.30083 CHSS       0 1987.00000
483        1 0 0 0 0   12.00000    4.00000  0.00000 0   50.36654 CHSS       0 1987.00000
484        0 0 0 0 0   29.00000   10.00000  0.00000 0   48.19811 CHSS       0 1987.00000
486        0 0 0 0 0    6.00000    9.00000  0.22504 0   48.26382 CHSS       0 1987.00000
491        0 0 1 0 0   23.00000   89.00000  0.00000 0   44.97834 CHSS       0 1987.00000
495        1 0 0 0 0   75.00000    8.00000  0.00000 1    0.00479 CHSS       0 1987.00000
496        1 0 0 0 0    8.00000    4.00000  0.00000 0   48.72379 CHSS       0 1987.00000
506        1 0 0 0 0   14.00000    5.00000  0.00000 0   47.63958 CHSS       0 1987.00000
511        0 0 0 0 0   56.00000    6.00000  0.00000 0   46.55537 CHSS       0 1987.00000
512        1 0 0 0 0   46.00000    5.00000  0.00000 0   46.85106 CHSS       0 1987.00000
513        0 0 0 0 0   48.00000   54.00000  0.00000 0   45.66829 CHSS       0 1987.00000
514        1 0 0 0 0    6.00000    6.00000  0.22029 0   46.48966 CHSS       1 1987.00000
518        1 0 0 0 0    9.00000    7.00000  0.00000 0   48.59237 CHSS       0 1987.00000
521        0 0 0 0 0   35.00000    6.00000  0.00000 0   47.50816 CHSS       0 1987.00000
522        1 0 0 0 0    8.00000   15.00000  0.00000 0   46.88392 CHSS       0 1987.00000
532        1 0 0 0 0    8.00000    8.00000  0.00000 0   45.10976 CHSS       0 1987.00000
533        1 0 0 0 0   31.00000    6.00000  0.21574 1    0.00821 CHSS       0 1987.00000
538        1 0 0 0 0   13.00000    3.00000  0.00000 1   39.91868 CHSS       0 1987.00000
551        0 0 0 0 0   41.00000    3.00000  0.00000 0   43.79556 CHSS       0 1987.00000
552        1 0 0 0 0   10.00000   12.00000  0.00000 0   43.53272 CHSS       0 1987.00000
554        1 0 0 0 0   20.00000   10.00000  0.00000 0   43.33559 CHSS       0 1987.00000
556        0 0 0 0 0   30.00000    6.00000  0.00000 0   46.29253 CHSS       0 1987.00000
558        1 0 0 0 0    7.00000    7.00000  0.00000 0   44.61693 CHSS       0 1987.00000
568        0 0 0 0 0   41.00000   12.00000  0.00000 0   44.28838 CHSS       0 1987.00000
569        1 0 0 0 0   14.00000   10.00000  0.00000 0   42.97419 CHSS       0 1987.00000
570        1 0 0 0 0   36.00000    6.00000  0.00000 0   42.94133 CHSS       0 1987.00000
571        0 0 0 0 1    0.00000  403.00000  0.00000 0   31.17928 CHSS       0 1988.00000
579        1 0 0 0 0   14.00000    4.00000  0.00000 0   42.84277 CHSS       1 1987.00000
580        1 0 0 0 0   12.00000    7.00000  0.00000 0   42.84277 CHSS       0 1987.00000
581        1 0 0 0 0   33.00000    2.00000  0.20577 0   42.77706 CHSS       0 1987.00000
585        0 0 0 0 0   42.00000    5.00000  0.00000 0   43.79556 CHSS       0 1987.00000
588        1 0 0 0 0   23.00000  107.00000  0.00000 0   38.67020 CHSS       0 1988.00000
616        1 0 0 0 0   14.00000    6.00000  0.00000 0   41.26573 CHSS       0 1987.00000
618        1 0 0 0 0   19.00000    7.00000  0.00000 0   42.21853 CHSS       0 1987.00000
644        1 0 0 0 0   14.00000    2.00000  0.00000 0   35.91039 CHSS       0 1988.00000
645        0 0 0 0 0   44.00000   13.00000  0.00000 0   39.68870 CHSS       0 1988.00000
646        1 0 0 0 0   11.00000   10.00000  0.19584 0   39.75441 CHSS       0 1988.00000
647        0 0 0 0 0   43.00000  115.00000  0.00000 0   36.69891 CHSS       0 1988.00000
648        1 0 0 0 0   11.00000    4.00000  0.00000 0   40.08296 CHSS       0 1988.00000
649        1 0 0 0 0    7.00000    2.00000  0.19574 0   39.65585 CHSS       0 1988.00000
659        1 0 0 0 0   23.00000    6.00000  0.00000 0   39.29444 CHSS       0 1988.00000
660        1 0 0 0 0   55.00000    6.00000  0.00000 0   41.72570 CHSS       0 1988.00000
661        1 0 0 0 0   17.00000    7.00000  0.00000 0   41.36430 CHSS       0 1988.00000
672        1 0 1 0 0   12.00000    7.00000  0.00000 0   38.21023 CHSS       0 1988.00000
684        1 0 0 0 0   12.00000    6.00000  0.00000 0   38.07881 CHSS       0 1988.00000
687        1 0 0 0 0   13.00000   11.00000  0.19043 0   37.94739 CHSS       0 1988.00000
688        0 0 0 0 0   24.00000    2.00000  0.19023 0   39.09731 CHSS       0 1988.00000
701        0 0 0 0 0   23.00000    7.00000  0.00000 0   39.95154 CHSS       0 1988.00000
710        1 0 0 0 0   59.00000    5.00000  0.00000 0   37.45457 CHSS       0 1988.00000
711        1 0 0 0 0   63.00000    3.00000  0.00000 0   37.22458 CHSS       0 1988.00000
715        0 0 0 0 0   46.00000   20.00000  0.00000 0   36.66605 CHSS       0 1988.00000
726        0 0 0 0 0   34.00000    7.00000  0.00000 0   37.12602 CHSS       0 1988.00000
732        1 0 0 0 0   57.00000    8.00000  0.00000 0   38.27594 CHSS       0 1988.00000
733        0 0 0 1 0   74.00000   14.00000  0.00000 0   36.43607 CHSS       0 1988.00000
739        1 0 0 0 0    8.00000    3.00000  0.18512 0   34.16908 CHSS       0 1988.00000
751        1 0 0 0 0   22.00000    5.00000  0.00000 0   35.45042 CHSS       0 1988.00000
763        1 0 0 0 0   22.00000    8.00000  0.00000 0   35.28615 CHSS       0 1988.00000
764        0 0 0 1 0  112.00000   13.00000  0.00000 0   36.00895 CHSS       1 1988.00000
765        1 0 0 0 0   46.00000    7.00000  0.00000 0   35.02331 CHSS       0 1988.00000
770        0 0 0 0 0   69.00000    9.00000  0.00000 0   36.63320 CHSS       0 1988.00000
773        1 0 0 0 0   20.00000    5.00000  0.00000 0   34.66190 CHSS       0 1988.00000
774        1 0 0 0 0   14.00000    8.00000  0.00000 0   34.43192 CHSS       0 1988.00000
787        0 0 0 0 0   41.00000    6.00000  0.00000 0   33.90624 CHSS       0 1988.00000
788        0 0 0 0 0   51.00000    9.00000  0.00000 0   34.10337 CHSS       0 1988.00000
789        1 0 0 0 0   15.00000    9.00000  0.00000 0   34.03766 CHSS       0 1988.00000
792        1 0 0 0 0   38.00000  101.00000  0.00000 0   31.14643 CHSS       0 1988.00000
793        0 0 0 0 0   37.00000    3.00000  0.00000 0   34.66190 CHSS       0 1988.00000
800        1 0 0 0 0   35.00000    4.00000  0.00000 0   33.61055 CHSS       1 1988.00000
810        1 0 1 0 0   26.00000    8.00000  0.00000 0   32.65775 CHSS       0 1988.00000
811        0 0 0 0 0  114.00000    7.00000  0.00000 1    1.21563 CHSS       1 1988.00000
822        1 0 0 0 0   12.00000    5.00000  0.00000 0   33.41342 CHSS       0 1988.00000
836        0 0 0 0 0   42.00000    8.00000  0.00000 0   32.65775 CHSS       0 1988.00000
842        1 0 0 0 0   12.00000    7.00000  0.00000 0   32.39492 CHSS       0 1988.00000
862        1 0 0 0 0   14.00000    5.00000  0.00000 0   31.11358 CHSS       0 1988.00000
869        1 0 0 0 0   41.00000    7.00000  0.00000 1    0.01643 CHSS       1 1988.00000
870        1 0 0 0 0   25.00000    5.00000  0.00000 0   30.52219 CHSS       0 1988.00000
871        0 0 0 0 1    0.00000  434.00000  0.00000 0   19.18725 CHSS       0 1989.00000
872        1 0 0 0 0   15.00000    3.00000  0.00000 0   30.22649 CHSS       0 1988.00000
896        1 0 0 0 0   49.00000    3.00000  0.00000 0   31.04787 CHSS       0 1989.00000
901        1 0 0 0 0    6.00000   77.00000  0.00000 0   26.34962 CHSS       0 1989.00000
903        0 0 1 0 0   70.00000   49.00000  0.16276 0   27.26955 CHSS       0 1989.00000
910        1 0 1 0 0    5.00000    9.00000  0.16482 0   28.25520 CHSS       0 1989.00000
911        1 0 0 0 0   20.00000    2.00000  0.00000 0   30.55504 CHSS       0 1989.00000
913        0 0 0 0 0   35.00000    6.00000  0.00000 0   28.38662 CHSS       0 1989.00000
923        1 0 0 0 0   62.00000    6.00000  0.00000 0   29.99651 CHSS       0 1989.00000
924        0 0 1 0 0   36.00000    4.00000  0.00000 0   29.01086 CHSS       0 1989.00000
928        0 0 0 0 0   63.00000    5.00000  0.00000 1    0.03285 CHSS       1 1989.00000
